52,2
39,2
54,2
49,2
45,1
45,3
52,1
52,3
49,1
49,3
47,1
47,3
54,1
54,3
55,1
55,3
39,1
39,3
38,1
38,3
3,2
3,1
3,3
10,241
10,236
10,203
10,73
10,277
10,144
10,2
10,3
11,5
9,2
9,3
8,7
8,10
8,2
8,3
20,3
20,2
20,1
19,3
19,2
19,1
12,3
12,2
12,1
11,28
11,27
11,26
11,25
11,24
11,23
11,22
11,21
11,20
11,19
11,15
11,14
18,1
11,11
18,3
11,10
11,9
11,8
14,1
11,7
14,3
13,1
11,6
11,3
13,3
11,2
11,1
10,302
10,301
10,300
10,299
10,298
10,297
10,296
10,295
10,294
10,293
10,292
10,291
10,290
10,289
10,288
10,287
10,286
10,285
10,284
10,283
10,282
10,281
10,280
10,225
10,212
10,174
10,127
10,104
10,100
10,1
10,9
9,7
9,1
9,5
